image_width: 640
image_height: 480
camera_name: narrow_stereo
camera_matrix:
  rows: 3
  cols: 3
  data: [525.41267,   0.     , 298.6471 ,
           0.     , 525.28693, 237.23885,
           0.     ,   0.     ,   1.     ]
distortion_model: plumb_bob
distortion_coefficients:
  rows: 1
  cols: 5
  data: [-0.096817, 0.179805, 0.000022, 0.001597, 0.000000]
rectification_matrix:
  rows: 3
  cols: 3
  data: [1., 0., 0.,
         0., 1., 0.,
         0., 0., 1.]
projection_matrix:
  rows: 3
  cols: 4
  data: [527.34064,   0.     , 300.70935,   0.     ,
           0.     , 529.79749, 236.87576,   0.     ,
           0.     ,   0.     ,   1.     ,   0.     ]
